(429.1200256347656, 387.3600158691406) <--> (337.20001220703125, 356.4000244140625)
(407.52001953125, 385.9200134277344) <--> (298.8000183105469, 358.8000183105469)
(364.8000183105469, 385.20001220703125) <--> (435.0, 359.0)
(207.36001586914062, 397.4400329589844) <--> (382.8000183105469, 356.4000244140625)
(70.56000518798828, 427.6800231933594) <--> (203.0, 372.0)
(393.9840393066406, 385.3440246582031) <--> (440.6400146484375, 358.5600280761719)
(468.79962158203125, 462.82763671875) <--> (467.80426025390625, 427.99114990234375)
(343.38824462890625, 465.3159484863281) <--> (275.7888488769531, 263.34722900390625)
(469.3968200683594, 465.8136291503906) <--> (530.4960327148438, 433.72802734375)
(480.2458801269531, 380.7130432128906) <--> (520.1280517578125, 362.8800354003906)
(427.1616516113281, 385.6896667480469) <--> (471.7440490722656, 361.15203857421875)
(378.4320373535156, 463.1040344238281) <--> (403.20001220703125, 421.9200134277344)
(376.70404052734375, 273.0240173339844) <--> (202.8000030517578, 372.0)
(425.0, 270.0) <--> (423.3600158691406, 421.9200134277344)
(395.6429748535156, 383.2013854980469) <--> (420.94085693359375, 354.5856628417969)
(470.8800048828125, 390.2400207519531) <--> (403.20001220703125, 421.20001220703125)
(354.7350158691406, 383.40045166015625) <--> (500.0, 431.0)
